                                                                                                                                                  
                                                                                                                                                  
                                                                  ***************************                                                     
                                                                    DIFFUSE SOLAR RADIATION                                                       
                                                                  ***************************                                                     
                                                                                                                  COUNTRY = JAPAN                 
                                                                                                                                                  
                                                                     SCALE = WRR                                                                  
                                                                     UNIT  = 0.01 MJ/m**2                                                         
                        STATION    : Tateno                                                                                                       
                        STATION NO.: 47646                                                                                                        
                        LOCATION   : 140▀08' E                                                                                                    
                                      36▀03' N                                                                                                    
                        ALTITUDE   :   25.2  m                                                                                                    
                        YEAR/MONTH : 2020/06                                                                                                      
                                                                                                                                                  
              DATE   -01  -02  -03  -04  -05  -06  -07  -08  -09  -10  -11  -12  -13  -14  -15  -16  -17  -18  -19  -20  -21  -22  -23  -24  TOTAL
                                                                                                                                                  
               6 1   ...  ...  ...    0    2    5   21   44   98   76   61   44   45   51   39   27   28   16    3    0  ...  ...  ...  ...    560
               6 2   ...  ...  ...    0    4   27   53   65  117  106  147  120  160  107  128  104   65   36    8    0  ...  ...  ...  ...   1247
               6 3   ...  ...  ...    0    3   26   68   74   72  106  166  143  152  144  129  106   64   34    6    0  ...  ...  ...  ...   1293
               6 4   ...  ...  ...    0    5   18   19   32   56  104  174  177  174  173  137  110   69   26    7    0  ...  ...  ...  ...   1281
               6 5   ...  ...  ...    0    4   34   67   93  120  100   98  102   89  103  115   72   59   35    7    0  ...  ...  ...  ...   1098
               6 6   ...  ...  ...    0    3   28   64  105  133  155  166  191  179  174  129   93   44   12    1    0  ...  ...  ...  ...   1477
               6 7   ...  ...  ...    0    2   18   22   69  146  165  121   89   65   60   45   42   37   27    9    0  ...  ...  ...  ...    917
               6 8   ...  ...  ...    0    1   12   41  110  143  174  179  162  122   90   68   66   51   28    8    0  ...  ...  ...  ...   1255
               6 9   ...  ...  ...    0    5   30   59   82   91   98  113  123   91   70   67   73   59   37   12    0  ...  ...  ...  ...   1010
               610   ...  ...  ...    0    4   26   43   56   66   65   54   48   43   41   35   27   23   29    7    0  ...  ...  ...  ...    567
               611   ...  ...  ...    0    6   30   57  103   83  134  160  171  130  104   44   16   15    5    1    0  ...  ...  ...  ...   1059
               612   ...  ...  ...    0    2   21   50   69  115  114  115  145  159  158  107   91   52    4    4    0  ...  ...  ...  ...   1206
               613   ...  ...  ...    0    2    5   14   21   19   18   18   23   24   21   35   55   28   15    4    0  ...  ...  ...  ...    302
               614   ...  ...  ...    0    2   13   15   80   97   91   58   48   73   53   55   70   22    9    2    0  ...  ...  ...  ...    688
               615   ...  ...  ...    0    3   28   51   93  100  119  126   82   71  119  107   99   73   50    9    0  ...  ...  ...  ...   1130
               616   ...  ...  ...    0    3   25   59   71  102  119  161  179  121   50   46   41   35   22    5    0  ...  ...  ...  ...   1039
               617   ...  ...  ...    0    4   19   29   37   51   66   79  101  145   69   46   37   30   24   10    0  ...  ...  ...  ...    747
               618   ...  ...  ...    0    4   25   49   99  147  158  154  152  149  114   74   51   31   12    2    0  ...  ...  ...  ...   1221
               619   ...  ...  ...    0    1    5   13   29   25   38   43   72   84   42   46   32   15   15    6    0  ...  ...  ...  ...    466
               620   ...  ...  ...    0    4   18   26   32   37   41   97  108   80   88   88   90   73   27    8    0  ...  ...  ...  ...    817
               621   ...  ...  ...    0    4   25   43   49   49   65  109  200  198  152  107   57   23    9    3    0  ...  ...  ...  ...   1093
               622   ...  ...  ...    0    1    5    9   11   15   43   50   56   62   76   27   35   20   10    3    0  ...  ...  ...  ...    423
               623   ...  ...  ...    0    1    7   27   58   88  133  149   88   34   77  113   84   61   40   10    0  ...  ...  ...  ...    970
               624   ...  ...  ...    0    1   14   31   42   63   93  186  220  197  186  152  116   72   38    8    0  ...  ...  ...  ...   1419
               625   ...  ...  ...    0    2   12   33   49   34   47   64   54   65   86   73   78   40   17    4    0  ...  ...  ...  ...    658
               626   ...  ...  ...    0    1    6   35   47   81   97  122  188  201  105   65   66   72   35    5    0  ...  ...  ...  ...   1126
               627   ...  ...  ...    0    1   13   37   87  112  130  190  160  168  160  148  103   66   20    6    0  ...  ...  ...  ...   1401
               628   ...  ...  ...    0    0    2    4   11   18   20   19   32   55  104  110   91   57   55   12    0  ...  ...  ...  ...    590
               629   ...  ...  ...    0    3   26   39   63   50  103  126  153  166  127   72   70   67   42    8    0  ...  ...  ...  ...   1115
               630   ...  ...  ...    0    4   26   50   75   95  118  141  103   81   37   43   30    9   15    2    0  ...  ...  ...  ...    829
              ------------------------------------------------------------------------------------------------------------------------------------
              TOTAL                   0   82  549 1128 1856 2423 2896 3446 3534 3383 2941 2450 2032 1360  744  180    0                      29004
              MEAN                    0    3   18   38   62   81   97  115  118  113   98   82   68   45   25    6    0                        967
              MAX                     0    6   34   68  110  147  174  190  220  201  186  152  116   73   55   12    0                       1477
                N                    30   30   30   30   30   30   30   30   30   30   30   30   30   30   30   30   30                         30
              NOTE                                                                                                                                
                                                                                                                                                  
                   *): WITH MISSING DATA; TOTAL,MEAN,MAXIMUM ESTIMATED                                                                            
                                                                                                                                                  
                                                                                                                                                  
                                                                                                                                                  
 